botleft : -0.00481079
botright : -0.00468338
c1 : 0.264694
c1Env : -0.102816
c2 : -0.102131
c2Env : -0.00236665
d1 : -0.0452565
d2 : -0.0017603
d2Env : -0.000869374