botleft : -0.00324575
botright : -0.00295342
c1 : 0.169052
c1Env : -0.0334253
c2 : -0.0942009
c2Env : -0.00355857
d1 : -0.0162872
d2 : -0.0146422
d2Env : -0.000755519