botleft : -0.00561003
botright : -0.00505063
c1 : 0.205693
c1Env : -0.038387
c2 : -0.106867
c2Env : -0.00220055
d1 : -0.0436193
d2 : -0.00296846
d2Env : -0.00100806