botleft : -0.00482774
botright : -0.00578186
c1 : 0.107287
c1Env : -0.0356144
c2 : -0.00590185
c2Env : -0.0015875
d1 : -0.0171755
d2 : -0.0287904
d2Env : -0.00760017