botleft : -0.00413582
botright : -0.00556179
c1 : 0.155614
c1Env : -0.0971488
c2 : -0.00593187
c2Env : -0.00178428
d1 : -0.030252
d2 : -0.00918471
d2Env : -0.00162632