botleft : -0.00308285
botright : -0.0033153
c1 : 0.173821
c1Env : -0.0953057
c2 : -0.029959
c2Env : -0.00344476
d1 : -0.0205658
d2 : -0.0159721
d2Env : -0.00218277