botleft : -0.00625001
botright : -0.00603888
c1 : 0.14881
c1Env : -0.039066
c2 : -0.0441607
c2Env : -0.00177677
d1 : -0.0459523
d2 : -0.00443182
d2Env : -0.00116705