botleft : -0.00445744
botright : -0.00479524
c1 : 0.101248
c1Env : -0.0359559
c2 : -0.0228496
c2Env : -0.00249627
d1 : -0.0234875
d2 : -0.00573318
d2Env : -0.00145786