botleft : -0.00349254
botright : -0.00404705
c1 : 0.166535
c1Env : -0.0959489
c2 : -0.015349
c2Env : -0.00288142
d1 : -0.0208647
d2 : -0.0186099
d2Env : -0.00536324