botleft : -0.00543687
botright : -0.00565479
c1 : 0.210486
c1Env : -0.10347
c2 : -0.0407568
c2Env : -0.00191334
d1 : -0.0495204
d2 : -0.00277432
d2Env : -0.000981661