botleft : -0.00523796
botright : -0.00661901
c1 : 0.0932821
c1Env : -0.0369444
c2 : -0.0106833
c2Env : -0.00165758
d1 : -0.0259308
d2 : -0.00449372
d2Env : -0.00175492