botleft : -0.00324439
botright : -0.00307621
c1 : 0.166327
c1Env : -0.033686
c2 : -0.0985424
c2Env : -0.00452401
d1 : -0.0196771
d2 : -0.0024548
d2Env : -0.00110654