botleft : -0.00621121
botright : -0.00594329
c1 : 0.156598
c1Env : -0.0387095
c2 : -0.0361098
c2Env : -0.00192667
d1 : -0.0405583
d2 : -0.0266625
d2Env : -0.000509665