botleft : -0.00393812
botright : -0.00519028
c1 : 0.163548
c1Env : -0.0964871
c2 : -0.00573222
c2Env : -0.00183019
d1 : -0.0210883
d2 : -0.0197256
d2Env : -0.00955923