botleft : -0.0056093
botright : -0.00506429
c1 : 0.20551
c1Env : -0.0384039
c2 : -0.107258
c2Env : -0.00281884
d1 : -0.0438473
d2 : -0.00172795
d2Env : -0.000790236