botleft : -0.00674458
botright : -0.00698277
c1 : 0.135968
c1Env : -0.039447
c2 : -0.0292676
c2Env : -0.00167756
d1 : -0.0477668
d2 : -0.00285809
d2Env : -0.00119544