botleft : -0.002439
botright : -0.0024043
c1 : 0.222686
c1Env : -0.0937742
c2 : -0.090938
c2Env : -0.0042552
d1 : -0.0190207
d2 : -0.00900411
d2Env : -0.000845496