botleft : -0.00355625
botright : -0.004199
c1 : 0.160703
c1Env : -0.0964005
c2 : -0.0199489
c2Env : -0.00286015
d1 : -0.0288581
d2 : -0.00372536
d2Env : -0.00115141