botleft : -0.00583305
botright : -0.0063849
c1 : 0.206561
c1Env : -0.103854
c2 : -0.0188572
c2Env : -0.0018882
d1 : -0.0432349
d2 : -0.0256208
d2Env : -0.000927224