botleft : -0.00543334
botright : -0.00566136
c1 : 0.210373
c1Env : -0.103407
c2 : -0.0413321
c2Env : -0.0023179
d1 : -0.0497841
d2 : -0.00163037
d2Env : -0.000789846