botleft : -0.00749341
botright : -0.0090072
c1 : 0.126932
c1Env : -0.0398695
c2 : -0.0130188
c2Env : -0.00111944
d1 : -0.0496321
d2 : -0.00538587
d2Env : -0.00145272