botleft : -0.00510492
botright : -0.00629678
c1 : 0.0952308
c1Env : -0.0366871
c2 : -0.00705677
c2Env : -0.00186079
d1 : -0.0244758
d2 : -0.0121737
d2Env : -0.00161692