botleft : -0.00445803
botright : -0.004837
c1 : 0.100848
c1Env : -0.0361143
c2 : -0.0244567
c2Env : -0.00327303
d1 : -0.0239512
d2 : -0.00238134
d2Env : -0.00141413