botleft : -0.00661322
botright : -0.00675195
c1 : 0.148088
c1Env : -0.0389247
c2 : -0.0197771
c2Env : -0.00168394
d1 : -0.0407368
d2 : -0.0330141
d2Env : -0.000633368