botleft : -0.00394393
botright : -0.00397883
c1 : 0.112224
c1Env : -0.0351967
c2 : -0.0385136
c2Env : -0.00328161
d1 : -0.0221043
d2 : -0.00381213
d2Env : -0.00137344