botleft : -0.00390836
botright : -0.00386199
c1 : 0.118768
c1Env : -0.0346221
c2 : -0.0324286
c2Env : -0.00301112
d1 : -0.0169983
d2 : -0.0227805
d2Env : -0.00117693