botleft : -0.00589794
botright : -0.0065751
c1 : 0.199289
c1Env : -0.103704
c2 : -0.0260565
c2Env : -0.00173155
d1 : -0.052311
d2 : -0.00203543
d2Env : -0.000957309