botleft : -0.00543634
botright : -0.00557359
c1 : 0.214796
c1Env : -0.103559
c2 : -0.0349725
c2Env : -0.00217583
d1 : -0.0429507
d2 : -0.0195531
d2Env : -0.000593973