botleft : -0.00424501
botright : -0.00583303
c1 : 0.154381
c1Env : -0.0973058
c2 : -0.00882211
c2Env : -0.0017977
d1 : -0.0318801
d2 : -0.00316462
d2Env : -0.00134452