botleft : -0.00305874
botright : -0.00345852
c1 : 0.170076
c1Env : -0.0955465
c2 : -0.0344842
c2Env : -0.00452865
d1 : -0.0269044
d2 : -0.00124592
d2Env : -0.000838277