botleft : -0.00354169
botright : -0.00424939
c1 : 0.160383
c1Env : -0.0963683
c2 : -0.0206787
c2Env : -0.003578
d1 : -0.0293078
d2 : -0.00161456
d2Env : -0.00105455