botleft : -0.00625573
botright : -0.00764815
c1 : 0.202776
c1Env : -0.103849
c2 : -0.00684275
c2Env : -0.0012461
d1 : -0.0433624
d2 : -0.0292739
d2Env : -0.00431668