botleft : -0.00434622
botright : -0.00460596
c1 : 0.110849
c1Env : -0.035215
c2 : -0.0174162
c2Env : -0.00248073
d1 : -0.0171492
d2 : -0.0268283
d2Env : -0.00282718