botleft : -0.0064789
botright : -0.00815318
c1 : 0.193533
c1Env : -0.104256
c2 : -0.00777317
c2Env : -0.00134983
d1 : -0.0532266
d2 : -0.0115394
d2Env : -0.00076192