botleft : -0.00624199
botright : -0.00602506
c1 : 0.148542
c1Env : -0.0389827
c2 : -0.0454815
c2Env : -0.00222583
d1 : -0.0463712
d2 : -0.00224099
d2Env : -0.000996544