botleft : -0.00560079
botright : -0.00495831
c1 : 0.20894
c1Env : -0.0381596
c2 : -0.100341
c2Env : -0.00215633
d1 : -0.0400197
d2 : -0.0171346
d2Env : -0.000580279