botleft : -0.00239009
botright : -0.00251781
c1 : 0.221345
c1Env : -0.0936905
c2 : -0.0930012
c2Env : -0.00523863
d1 : -0.0223753
d2 : -0.0013
d2Env : -0.000810434