botleft : -0.00590441
botright : -0.00652961
c1 : 0.199639
c1Env : -0.103843
c2 : -0.0244677
c2Env : -0.00160629
d1 : -0.0517563
d2 : -0.00457159
d2Env : -0.000976911