botleft : -0.00323993
botright : -0.00310719
c1 : 0.166109
c1Env : -0.0337382
c2 : -0.0985948
c2Env : -0.0053115
d1 : -0.019816
d2 : -0.0014412
d2Env : -0.000873038