botleft : -0.00705844
botright : -0.00805831
c1 : 0.144263
c1Env : -0.0391234
c2 : -0.00695559
c2Env : -0.00108183
d1 : -0.0408361
d2 : -0.0379853
d2Env : -0.00318655