botleft : -0.00658417
botright : -0.00842382
c1 : 0.191666
c1Env : -0.104078
c2 : -0.0114328
c2Env : -0.00107803
d1 : -0.0548343
d2 : -0.00400528
d2Env : -0.00118004