botleft : -0.00484206
botright : -0.00458739
c1 : 0.266192
c1Env : -0.102887
c2 : -0.0985032
c2Env : -0.00246678
d1 : -0.0415743
d2 : -0.0106318
d2Env : -0.000707906