botleft : -0.0023827
botright : -0.00255686
c1 : 0.220932
c1Env : -0.0936168
c2 : -0.0929006
c2Env : -0.00546356
d1 : -0.0224764
d2 : -0.000920871
d2Env : -0.000593176