botleft : -0.00307381
botright : -0.00342197
c1 : 0.170057
c1Env : -0.095445
c2 : -0.0342893
c2Env : -0.00392135
d1 : -0.0266401
d2 : -0.00221319
d2Env : -0.00104355