botleft : -0.00393804
botright : -0.00400664
c1 : 0.111977
c1Env : -0.0352544
c2 : -0.0391291
c2Env : -0.00424606
d1 : -0.0223837
d2 : -0.00186899
d2Env : -0.00116398