botleft : -0.00735933
botright : -0.00868384
c1 : 0.12939
c1Env : -0.0396582
c2 : -0.00855183
c2Env : -0.00134546
d1 : -0.048258
d2 : -0.0145181
d2Env : -0.00102626