botleft : -0.00672354
botright : -0.0069378
c1 : 0.136512
c1Env : -0.0394894
c2 : -0.0268861
c2Env : -0.00152362
d1 : -0.0471645
d2 : -0.00654465
d2Env : -0.00126791