botleft : -0.00480367
botright : -0.00468388
c1 : 0.264602
c1Env : -0.102849
c2 : -0.102204
c2Env : -0.00275609
d1 : -0.0453684
d2 : -0.00129097
d2Env : -0.000646824