botleft : -0.00763444
botright : -0.00720071
c1 : 0.242708
c2 : -0.109006
c2e : -0.00577214
c3 : -0.11309