botleft : -0.00857078
botright : -0.00862949
c1 : 0.18439
c2 : -0.047289
c2e : -0.00536875
c3 : -0.114544