botleft : -0.0106038
botright : -0.0108347
c1 : 0.112567
c2 : -0.0324644
c2e : -0.00521387
c3 : -0.0534306