botleft : -0.00815317
botright : -0.0096944
c1 : 0.141943
c2 : -0.0119519
c2e : -0.00504889
c3 : -0.107098