botleft : -0.0110536
botright : -0.00848821
c1 : 0.0864769
c2 : -0.0408869
c2e : -0.00950194
c3 : -0.0165212