botleft : -0.0103142
botright : -0.00864391
c1 : 0.171201
c2 : -0.110481
c2e : -0.00668761
c3 : -0.035075