botleft : -0.0074254
botright : -0.00681116
c1 : 0.106329
c2 : -0.0391859
c2e : -0.00827434
c3 : -0.044659
