botleft : -0.00701792
botright : -0.00714334
c1 : 0.150274
c2 : -0.0236448
c2e : -0.00658939
c3 : -0.105879