botleft : -0.00856734
botright : -0.00748871
c1 : 0.0946909
c2 : -0.040109
c2e : -0.00880026
c3 : -0.029755