botleft : -0.0141937
botright : -0.010947
c1 : 0.102609
c2 : -0.0501238
c2e : -0.00643617
c3 : -0.0209095