botleft : -0.015888
botright : -0.0155206
c1 : 0.0774208
c2 : -0.0188575
c2e : -0.00471216
c3 : -0.0224599