botleft : -0.0128625
botright : -0.0145587
c1 : 0.0877433
c2 : -0.0181732
c2e : -0.00425638
c3 : -0.037895