botleft : -0.00616969
botright : -0.00587308
c1 : 0.161145
c2 : -0.0374413
c2e : -0.00747874
c3 : -0.104223
