botleft : -0.014889
botright : -0.0123611
c1 : 0.0884279
c2 : -0.0339146
c2e : -0.00578463
c3 : -0.0214738