botleft : -0.00627444
botright : -0.00541899
c1 : 0.161654
c2 : -0.097946
c2e : -0.00981342
c3 : -0.0422171