botleft : -0.00923164
botright : -0.0100133
c1 : 0.171345
c2 : -0.0315877
c2e : -0.00493432
c3 : -0.115597