botleft : -0.010234
botright : -0.0130608
c1 : 0.160942
c2 : -0.0171299
c2e : -0.00400853
c3 : -0.116509