botleft : -0.0131458
botright : -0.012548
c1 : 0.0643175
c2 : -0.0140396
c2e : -0.00612477
c3 : -0.0184623