botleft : -0.00935859
botright : -0.0107072
c1 : 0.086262
c2 : -0.0129635
c2e : -0.00543739
c3 : -0.0477945