botleft : -0.0132902
botright : -0.00954304
c1 : 0.161363
c2 : -0.11129
c2e : -0.00726942
c3 : -0.0199609