botleft : -0.0112319
botright : -0.0100484
c1 : 0.112618
c2 : -0.0490945
c2e : -0.00602551
c3 : -0.036213