botleft : -0.0119085
botright : -0.0114402
c1 : 0.0984925
c2 : -0.0327901
c2e : -0.00546209
c3 : -0.0368615