botleft : -0.00493909
botright : -0.00443494
c1 : 0.214594
c2 : -0.0957404
c2e : -0.00846264
c3 : -0.101019