botleft : -0.0104714
botright : -0.0115363
c1 : 0.0733918
c2 : -0.0133577
c2e : -0.00567631
c3 : -0.0323524