botleft : -0.00740185
botright : -0.0061046
c1 : 0.150913
c2 : -0.0989038
c2e : -0.0106289
c3 : -0.0278822
