botleft : -0.011914
botright : -0.00972961
c1 : 0.0737206
c2 : -0.0265541
c2e : -0.00821399
c3 : -0.0172819