botleft : -0.00994278
botright : -0.00944686
c1 : 0.126038
c2 : -0.0483958
c2e : -0.00573888
c3 : -0.0525205