botleft : -0.00983127
botright : -0.00705476
c1 : 0.143035
c2 : -0.0994168
c2e : -0.0115257
c3 : -0.0152334