botleft : -0.00902669
botright : -0.00803442
c1 : 0.18447
c2 : -0.110077
c2e : -0.00630941
c3 : -0.0510043