botleft : -0.00823219
botright : -0.00805112
c1 : 0.0946032
c2 : -0.0250365
c2e : -0.00726503
c3 : -0.0460219