botleft : -0.00936659
botright : -0.00875004
c1 : 0.0824763
c2 : -0.0256766
c2e : -0.00768157
c3 : -0.0310032