botleft : -0.0115238
botright : -0.0139175
c1 : 0.102375
c2 : -0.0178214
c2e : -0.00423443
c3 : -0.0548948